              precision    recall  f1-score   support

           0     0.0000    0.0000    0.0000        58
           1     0.7965    0.9697    0.8746     22082
           2     0.0000    0.0000    0.0000       115
           3     0.3030    0.0935    0.1429       107
           4     0.9906    0.9825    0.9865      5663
           5     0.9799    0.9224    0.9503       580
           6     0.9996    0.9996    0.9996    144261
           7     0.9972    0.9901    0.9937      9018
           8     0.9998    0.9994    0.9996     81875
           9     0.9997    0.9991    0.9994     80792
          10     0.9959    0.9989    0.9974     81198
          11     0.8420    0.8996    0.8698       468
          12     0.9970    0.9977    0.9974     71734
          13     0.9965    0.9991    0.9978     90048
          14     0.9989    0.9990    0.9989    108128
          15     0.9963    0.9826    0.9894      5761
          16     0.4911    0.4017    0.4419      3567
          17     0.0000    0.0000    0.0000       261
          18     0.9706    0.9244    0.9470      1429
          19     0.9959    0.9945    0.9952     40619
          20     0.9993    0.9947    0.9970     53476
          21     0.9980    0.9979    0.9979     66426
          22     0.8507    0.6353    0.7274      6145
          23     0.9806    0.9886    0.9846     19851
          24     0.9864    0.9721    0.9792     15052
          25     0.9971    0.9986    0.9979     17734
          26     0.6273    0.7119    0.6669      2683
          27     0.3477    0.1962    0.2509      1972
          28     0.0000    0.0000    0.0000        45
          29     0.4167    0.0841    0.1399      1606
          30     0.0000    0.0000    0.0000       105
          31     0.0000    0.0000    0.0000        26
          32     0.8841    0.9683    0.9242       756
          33     0.0000    0.0000    0.0000        75
          34     0.9714    1.0000    0.9855        34

    accuracy                         0.9870    933750
   macro avg     0.6974    0.6772    0.6809    933750
weighted avg     0.9854    0.9870    0.9857    933750
